------------------------------------------------------------------------------
                           GCC Code Coverage Report
Directory: .
------------------------------------------------------------------------------
File                                    Branches    Taken  Cover   Missing
------------------------------------------------------------------------------
src/baseline/hnsw_runner.cpp                  78       53    67%   26,27,29,31,33,35,37,39,41,42,43,44,46,48,62,67,69,71,73,83
src/bench/runner.cpp                         132       81    61%   17,18,19,20,22,24,28,56,57,58,59,60,61,62,65,67,68,69,70,73,76,77,78,85,86,87,88,89,90,91,92
src/bench/runner.h                             4        2    50%   13,14
src/cli/app.cpp                              278      160    57%   21,23,26,51,55,56,65,69,78,82,92,100,101,102,103,121,122,126,130,137,141,145,149,153,154,156,157,159,160,162,163,165,166,168,169,171,172,174,175,177,178,180,181,183,184,186,187,189,190,198,201,202,203,206,207,214,215,218,221,222,223,225,245,246,247,248,249,250,251,252,253,256,257,259,260,261,262,263,264,266,267,269
src/common/timer.h                             0        0    --%
src/common/types.h                             0        0    --%
src/core/distance.h                            6        3    50%   10,11
src/core/graph.h                               2        2   100%
src/core/hashprune.cpp                       106       70    66%   16,46,50,53,54,55,56,57,63,68,69,70,75,76,77,82,83,84,90,91,93
src/core/hashprune.h                           0        0    --%
src/core/leaf_knn.cpp                         46       33    71%   16,17,69,73,78,81,85,86,89,90,95
src/core/pipnn_builder.cpp                    80       45    56%   18,19,21,24,25,26,30,32,33,34,36,39,40,47,48,49,51,52,53,54,55,56,60
src/core/pipnn_builder.h                       0        0    --%
src/core/rbc.cpp                              50       33    66%   31,32,34,35,39,41,43,44,48,51,55,57,65,66,68,70
src/core/rbc.h                                 0        0    --%
src/data/sift_reader.cpp                      80       55    68%   12,13,20,24,26,28,29,30,31,32,35,39,43,47,48,49,50,51,54
src/main.cpp                                  10        6    60%   9,10,11
src/search/greedy_beam.cpp                    48       30    62%   18,19,22,24,25,26,27,29,30,31,35,37,38,39,41
src/search/greedy_beam.h                       0        0    --%
------------------------------------------------------------------------------
TOTAL                                        920      573    62%
------------------------------------------------------------------------------
